spawns: 
  default: 
    world: Factions
    x: 153.61375444205316
    y: 63.0
    z: -203.21818949491717
    yaw: 357.4607
    pitch: 10.050375
