timestamps:
  login: 1345397954614
  logout: 1345398037964
ipAddress: 108.197.188.76
lastlocation:
  world: Spawn
  x: 4890.627099584192
  y: 63.0
  z: 5153.321955829289
  yaw: -200.10002
  pitch: -9.300003
