timestamps:
  login: 1345185281217
  logout: 1345185500941
ipAddress: 50.108.50.48
lastlocation:
  world: Spawn
  x: 4893.046189653581
  y: 68.00739540236489
  z: 5131.877470843032
  yaw: 32.907692
  pitch: 5.307516
