timestamps:
  login: 1345185761197
  logout: 1345185864832
ipAddress: 108.197.188.76
lastlocation:
  world: Spawn
  x: 4892.699999988079
  y: 63.0
  z: 5125.300000011921
  yaw: -274.9502
  pitch: 15.000006
