timestamps:
  login: 1345472522299
  logout: 1345466038838
  lastteleport: 1345465463259
ipAddress: 220.239.179.63
lastlocation:
  world: Factions
  x: 223.2154500857238
  y: 91.35490814239732
  z: -109.82579058687293
  yaw: 126.30737
  pitch: 43.50058
afk: false
