timestamps:
  login: 1345185206483
  lastteleport: 1345185333452
  logout: 1345185724833
ipAddress: 98.223.198.91
lastlocation:
  world: Spawn
  x: 4888.906659595081
  y: 70.4900238117134
  z: 5142.45731656894
  yaw: 112.43042
  pitch: -37.98607
