timestamps:
  login: 1345185299419
  logout: 1345185719883
ipAddress: 98.69.223.156
lastlocation:
  world: Spawn
  x: 4867.959427855339
  y: 63.0
  z: 5131.387939832116
  yaw: -54.156433
  pitch: -9.290766
