timestamps:
  login: 1345189569764
  logout: 1345189602021
ipAddress: 71.212.52.125
lastlocation:
  world: Spawn
  x: 4897.514689560168
  y: 63.0
  z: 5138.518718343074
  yaw: 123.75003
  pitch: -6.450005
