timestamps:
  login: 1345472396682
  lastteleport: 1345432274232
  logout: 1345468693838
ipAddress: 49.176.35.180
lastlocation:
  world: Factions
  x: 162.27291942083335
  y: 72.0
  z: -77.8180817364333
  yaw: -77.400566
  pitch: 17.700136
godmode: true
afk: false
