timestamps:
  login: 1345325799132
  logout: 1345325839865
ipAddress: 213.46.219.202
lastlocation:
  world: Spawn
  x: 91.90445173968266
  y: 74.0
  z: 104.81080281200975
  yaw: -338.54996
  pitch: 10.8
